19. 111021 2092011011
*mma-...m

²5⁰·271· 2278388711· 442· 547· 581844 ¹²⁰· Ι44· 157840474887·

809. 712. 751. 889.
Νο01111484.197.249.824. 81290111 725 785

obsequens 151. 279. 889. 898. Spartianus 18.
Oppianus 821. 8424402207. 811. 844. 898. 411.

4 · 019240280. 82. 91. 188. 425 260 434· 485

4. 598. Strabo 107. 145. 248. 270. 588.
0041841148 214. 592. 888. 922. guffiicuhsuff. 129. 192.874.728 .
812444411144118 248 714. 84102 Pub. 815.

’ Phaedrus 807. . Tacitus 18. 52. 95. 185. 228. 808.
Plautus 284. 7.218 595. 818.

Plinium· 229. 802. 822. 568. (188. Τ241200227. 508.

' 24144191414491.01.191.121ιο4.541414114444498.7554.63ι
Ριξ4ζ19841426113244779841218484.νῗὲξιξὸὀΜιιόῐέΊῃέὅδέἒᾶιῶᾧᾚ

7 0
443844448842429. vm} 4408908164 ⁸⁷⁷⁹
00119411411102 80. 84. 849. 987. vegetius 284. 498. 554. ὄω. 818.
8280840228. 89. 129. 607. 978. 828. 700. 709. 822
8011090174 4..890 827. Velleius Patere. 525. 879. 774.
8910102822. Vincentius neumanensis 818.
Severus 80111.82.119.192.208. ’1141918112 88. 180. 182. 810. 914.

8244126202 8111944402 228. 406. 507. 8121141101 229. 280.

897. 709. Vopiscus 554.

 

